
ZAI = [
666
0
];

NAMES = [
'lost            '
'total           '
];

iLOST    = 1;
iTOT     = 2;

MAT_u195_VOLUME = [ 2.78342E+04 2.78342E+04 2.78342E+04 ];

MAT_u195_BURNUP = [ 0.00000E+00 1.50451E+01 2.59779E+01 ];

MAT_u195_ADENS = [
0.00000E+00 2.32875E-23 1.62004E-22 % lost data
7.05213E-02 7.09053E-02 7.11706E-02 % total
];

MAT_u195_MDENS = [
0.00000E+00 0.00000E+00 0.00000E+00 % lost data
1.05500E+01 1.05496E+01 1.05494E+01 % total
];

MAT_u195_A = [
0.00000E+00 0.00000E+00 0.00000E+00 % lost data
1.39316E+10 2.08121E+18 1.68186E+18 % total
];

MAT_u195_H = [
0.00000E+00 0.00000E+00 0.00000E+00 % lost data
1.05274E-02 6.04823E+05 4.66733E+05 % total
];

MAT_u195_SF = [
0.00000E+00 0.00000E+00 0.00000E+00 % lost data
1.70601E+03 3.90680E+06 2.97521E+07 % total
];

MAT_u195_GSRC = [
0.00000E+00 0.00000E+00 0.00000E+00 % lost data
2.20811E+09 2.23000E+18 1.79488E+18 % total
];

MAT_u195_ING_TOX = [
0.00000E+00 0.00000E+00 0.00000E+00 % lost data
6.68765E+02 1.01222E+09 8.76962E+08 % total
];

MAT_u195_INH_TOX = [
0.00000E+00 0.00000E+00 0.00000E+00 % lost data
1.25976E+05 4.41281E+09 8.85652E+09 % total
];

MAT_u205_VOLUME = [ 3.27217E+05 3.27217E+05 3.27217E+05 ];

MAT_u205_BURNUP = [ 0.00000E+00 1.39775E+01 2.53291E+01 ];

MAT_u205_ADENS = [
0.00000E+00 2.30447E-23 1.46304E-22 % lost data
7.05216E-02 7.08791E-02 7.11562E-02 % total
];

MAT_u205_MDENS = [
0.00000E+00 0.00000E+00 0.00000E+00 % lost data
1.05500E+01 1.05496E+01 1.05494E+01 % total
];

MAT_u205_A = [
0.00000E+00 0.00000E+00 0.00000E+00 % lost data
1.68391E+11 2.29287E+19 2.04845E+19 % total
];

MAT_u205_H = [
0.00000E+00 0.00000E+00 0.00000E+00 % lost data
1.27344E-01 6.69937E+06 5.71660E+06 % total
];

MAT_u205_SF = [
0.00000E+00 0.00000E+00 0.00000E+00 % lost data
2.00349E+04 3.52779E+07 3.10122E+08 % total
];

MAT_u205_GSRC = [
0.00000E+00 0.00000E+00 0.00000E+00 % lost data
2.67639E+10 2.45655E+19 2.18698E+19 % total
];

MAT_u205_ING_TOX = [
0.00000E+00 0.00000E+00 0.00000E+00 % lost data
8.08755E+03 1.11244E+10 1.05997E+10 % total
];

MAT_u205_INH_TOX = [
0.00000E+00 0.00000E+00 0.00000E+00 % lost data
1.52413E+06 4.67438E+10 1.00093E+11 % total
];

MAT_u27_VOLUME = [ 3.18015E+05 3.18015E+05 3.18015E+05 ];

MAT_u27_BURNUP = [ 0.00000E+00 1.09761E+01 2.12749E+01 ];

MAT_u27_ADENS = [
0.00000E+00 1.30657E-23 7.96016E-23 % lost data
7.05235E-02 7.08021E-02 7.10564E-02 % total
];

MAT_u27_MDENS = [
0.00000E+00 0.00000E+00 0.00000E+00 % lost data
1.05500E+01 1.05497E+01 1.05494E+01 % total
];

MAT_u27_A = [
0.00000E+00 0.00000E+00 0.00000E+00 % lost data
1.93062E+11 1.74254E+19 1.78341E+19 % total
];

MAT_u27_H = [
0.00000E+00 0.00000E+00 0.00000E+00 % lost data
1.46618E-01 5.22075E+06 5.14467E+06 % total
];

MAT_u27_SF = [
0.00000E+00 0.00000E+00 0.00000E+00 % lost data
1.93402E+04 1.11072E+07 1.23470E+08 % total
];

MAT_u27_GSRC = [
0.00000E+00 0.00000E+00 0.00000E+00 % lost data
3.11301E+10 1.86273E+19 1.90133E+19 % total
];

MAT_u27_ING_TOX = [
0.00000E+00 0.00000E+00 0.00000E+00 % lost data
9.29848E+03 8.38452E+09 9.08386E+09 % total
];

MAT_u27_INH_TOX = [
0.00000E+00 0.00000E+00 0.00000E+00 % lost data
1.75649E+06 2.96327E+10 6.70354E+10 % total
];

MAT_u36_VOLUME = [ 3.26660E+05 3.26660E+05 3.26660E+05 ];

MAT_u36_BURNUP = [ 0.00000E+00 8.50918E+00 1.74051E+01 ];

MAT_u36_ADENS = [
0.00000E+00 9.39000E-24 5.86701E-23 % lost data
7.05262E-02 7.07409E-02 7.09621E-02 % total
];

MAT_u36_MDENS = [
0.00000E+00 0.00000E+00 0.00000E+00 % lost data
1.05500E+01 1.05497E+01 1.05495E+01 % total
];

MAT_u36_A = [
0.00000E+00 0.00000E+00 0.00000E+00 % lost data
2.40824E+11 1.37500E+19 1.57228E+19 % total
];

MAT_u36_H = [
0.00000E+00 0.00000E+00 0.00000E+00 % lost data
1.83648E-01 4.21362E+06 4.67803E+06 % total
];

MAT_u36_SF = [
0.00000E+00 0.00000E+00 0.00000E+00 % lost data
1.96794E+04 3.26782E+06 4.49824E+07 % total
];

MAT_u36_GSRC = [
0.00000E+00 0.00000E+00 0.00000E+00 % lost data
3.93355E+10 1.46549E+19 1.67242E+19 % total
];

MAT_u36_ING_TOX = [
0.00000E+00 0.00000E+00 0.00000E+00 % lost data
1.16309E+04 6.56443E+09 7.89115E+09 % total
];

MAT_u36_INH_TOX = [
0.00000E+00 0.00000E+00 0.00000E+00 % lost data
2.20218E+06 1.97024E+10 4.50241E+10 % total
];

MAT_g30_VOLUME = [ 9.92400E+03 9.92400E+03 9.92400E+03 ];

MAT_g30_BURNUP = [ 0.00000E+00 1.16339E+00 3.44557E+00 ];

MAT_g30_ADENS = [
0.00000E+00 1.58524E-24 1.77549E-23 % lost data
7.03576E-02 7.03845E-02 7.04396E-02 % total
];

MAT_g30_MDENS = [
0.00000E+00 0.00000E+00 0.00000E+00 % lost data
1.04500E+01 1.04502E+01 1.04502E+01 % total
];

MAT_g30_A = [
0.00000E+00 0.00000E+00 0.00000E+00 % lost data
4.17236E+09 7.04275E+16 1.31362E+17 % total
];

MAT_g30_H = [
0.00000E+00 0.00000E+00 0.00000E+00 % lost data
3.13988E-03 1.87794E+04 3.69207E+04 % total
];

MAT_g30_SF = [
0.00000E+00 0.00000E+00 0.00000E+00 % lost data
5.87142E+02 2.04984E+04 3.96023E+05 % total
];

MAT_g30_GSRC = [
0.00000E+00 0.00000E+00 0.00000E+00 % lost data
6.51339E+08 7.70759E+16 1.41483E+17 % total
];

MAT_g30_ING_TOX = [
0.00000E+00 0.00000E+00 0.00000E+00 % lost data
1.99742E+02 3.23962E+07 6.38230E+07 % total
];

MAT_g30_INH_TOX = [
0.00000E+00 0.00000E+00 0.00000E+00 % lost data
3.75385E+04 1.21204E+08 3.88532E+08 % total
];

MAT_g25_VOLUME = [ 1.98510E+04 1.98510E+04 1.98510E+04 ];

MAT_g25_BURNUP = [ 0.00000E+00 2.12325E+00 5.46822E+00 ];

MAT_g25_ADENS = [
0.00000E+00 4.59258E-24 1.85169E-23 % lost data
7.02743E-02 7.03230E-02 7.04063E-02 % total
];

MAT_g25_MDENS = [
0.00000E+00 0.00000E+00 0.00000E+00 % lost data
1.04500E+01 1.04502E+01 1.04502E+01 % total
];

MAT_g25_A = [
0.00000E+00 0.00000E+00 0.00000E+00 % lost data
9.19165E+09 2.35653E+17 3.72301E+17 % total
];

MAT_g25_H = [
0.00000E+00 0.00000E+00 0.00000E+00 % lost data
6.93692E-03 6.53853E+04 1.05941E+05 % total
];

MAT_g25_SF = [
0.00000E+00 0.00000E+00 0.00000E+00 % lost data
1.17686E+03 1.36528E+05 2.04115E+06 % total
];

MAT_g25_GSRC = [
0.00000E+00 0.00000E+00 0.00000E+00 % lost data
1.45025E+09 2.55935E+17 3.98827E+17 % total
];

MAT_g25_ING_TOX = [
0.00000E+00 0.00000E+00 0.00000E+00 % lost data
4.40864E+02 1.10223E+08 1.84373E+08 % total
];

MAT_g25_INH_TOX = [
0.00000E+00 0.00000E+00 0.00000E+00 % lost data
8.29871E+04 4.35655E+08 1.24821E+09 % total
];

TOT_VOLUME = [ 1.02950E+06 1.02950E+06 1.02950E+06 ];

TOT_BURNUP = [ 0.00000E+00 1.10016E+01 2.10030E+01 ];

TOT_ADENS = [
0.00000E+00 1.50734E-23 9.46145E-23 % lost data
7.05173E-02 7.07967E-02 7.10428E-02 % total
];

TOT_MASS = [
0.00000E+00 0.00000E+00 0.00000E+00 % lost data
1.08583E+07 1.08579E+07 1.08577E+07 % total
];

TOT_A = [
0.00000E+00 0.00000E+00 0.00000E+00 % lost data
6.29573E+11 5.64914E+19 5.62270E+19 % total
];

TOT_H = [
0.00000E+00 0.00000E+00 0.00000E+00 % lost data
4.78213E-01 1.68227E+07 1.61489E+07 % total
];

TOT_SF = [
0.00000E+00 0.00000E+00 0.00000E+00 % lost data
6.25246E+04 5.37168E+07 5.10764E+08 % total
];

TOT_GSRC = [
0.00000E+00 0.00000E+00 0.00000E+00 % lost data
1.01539E+11 6.04107E+19 5.99425E+19 % total
];

TOT_ING_TOX = [
0.00000E+00 0.00000E+00 0.00000E+00 % lost data
3.03263E+04 2.72282E+10 2.86999E+10 % total
];

TOT_INH_TOX = [
0.00000E+00 0.00000E+00 0.00000E+00 % lost data
5.72930E+06 1.01049E+11 2.22645E+11 % total
];

BU = [ 0.00000E+00 1.10000E+01 2.10000E+01 ];

DAYS = [ 0.00000E+00 3.89752E+02 7.44071E+02 ];
