
ZAI = [
666
0
];

NAMES = [
'lost            '
'total           '
];

iLOST    = 1;
iTOT     = 2;

MAT_u195_VOLUME = [ 2.68913E+04 2.68913E+04 2.68913E+04 ];

MAT_u195_BURNUP = [ 0.00000E+00 1.54545E+01 2.69984E+01 ];

MAT_u195_ADENS = [
0.00000E+00 0.00000E+00 0.00000E+00 % lost data
7.05213E-02 7.09199E-02 7.12006E-02 % total
];

MAT_u195_MDENS = [
0.00000E+00 0.00000E+00 0.00000E+00 % lost data
1.05500E+01 1.05496E+01 1.05495E+01 % total
];

MAT_u195_A = [
0.00000E+00 0.00000E+00 0.00000E+00 % lost data
1.34596E+10 2.15182E+18 1.77197E+18 % total
];

MAT_u195_H = [
0.00000E+00 0.00000E+00 0.00000E+00 % lost data
1.01707E-02 6.18805E+05 4.86136E+05 % total
];

MAT_u195_SF = [
0.00000E+00 0.00000E+00 0.00000E+00 % lost data
1.64821E+03 4.65395E+06 3.57783E+07 % total
];

MAT_u195_GSRC = [
0.00000E+00 0.00000E+00 0.00000E+00 % lost data
2.13331E+09 2.31070E+18 1.89546E+18 % total
];

MAT_u195_ING_TOX = [
0.00000E+00 0.00000E+00 0.00000E+00 % lost data
6.46109E+02 1.04448E+09 9.20385E+08 % total
];

MAT_u195_INH_TOX = [
0.00000E+00 0.00000E+00 0.00000E+00 % lost data
1.21708E+05 4.75672E+09 9.85707E+09 % total
];

MAT_u205_VOLUME = [ 3.24127E+05 3.24127E+05 3.24127E+05 ];

MAT_u205_BURNUP = [ 0.00000E+00 1.40412E+01 2.56869E+01 ];

MAT_u205_ADENS = [
0.00000E+00 0.00000E+00 0.00000E+00 % lost data
7.05216E-02 7.08842E-02 7.11684E-02 % total
];

MAT_u205_MDENS = [
0.00000E+00 0.00000E+00 0.00000E+00 % lost data
1.05500E+01 1.05496E+01 1.05495E+01 % total
];

MAT_u205_A = [
0.00000E+00 0.00000E+00 0.00000E+00 % lost data
1.66801E+11 2.37384E+19 2.14505E+19 % total
];

MAT_u205_H = [
0.00000E+00 0.00000E+00 0.00000E+00 % lost data
1.26141E-01 6.87153E+06 5.92977E+06 % total
];

MAT_u205_SF = [
0.00000E+00 0.00000E+00 0.00000E+00 % lost data
1.98457E+04 3.98738E+07 3.48781E+08 % total
];

MAT_u205_GSRC = [
0.00000E+00 0.00000E+00 0.00000E+00 % lost data
2.65111E+10 2.54885E+19 2.29552E+19 % total
];

MAT_u205_ING_TOX = [
0.00000E+00 0.00000E+00 0.00000E+00 % lost data
8.01117E+03 1.14901E+10 1.10547E+10 % total
];

MAT_u205_INH_TOX = [
0.00000E+00 0.00000E+00 0.00000E+00 % lost data
1.50973E+06 4.97537E+10 1.09047E+11 % total
];

MAT_u27_VOLUME = [ 3.22616E+05 3.22616E+05 3.22616E+05 ];

MAT_u27_BURNUP = [ 0.00000E+00 1.08176E+01 2.10000E+01 ];

MAT_u27_ADENS = [
0.00000E+00 0.00000E+00 0.00000E+00 % lost data
7.05235E-02 7.07996E-02 7.10507E-02 % total
];

MAT_u27_MDENS = [
0.00000E+00 0.00000E+00 0.00000E+00 % lost data
1.05500E+01 1.05497E+01 1.05495E+01 % total
];

MAT_u27_A = [
0.00000E+00 0.00000E+00 0.00000E+00 % lost data
1.95855E+11 1.80085E+19 1.83768E+19 % total
];

MAT_u27_H = [
0.00000E+00 0.00000E+00 0.00000E+00 % lost data
1.48739E-01 5.34171E+06 5.24843E+06 % total
];

MAT_u27_SF = [
0.00000E+00 0.00000E+00 0.00000E+00 % lost data
1.96201E+04 1.21870E+07 1.33711E+08 % total
];

MAT_u27_GSRC = [
0.00000E+00 0.00000E+00 0.00000E+00 % lost data
3.15805E+10 1.92981E+19 1.96417E+19 % total
];

MAT_u27_ING_TOX = [
0.00000E+00 0.00000E+00 0.00000E+00 % lost data
9.43301E+03 8.64505E+09 9.32685E+09 % total
];

MAT_u27_INH_TOX = [
0.00000E+00 0.00000E+00 0.00000E+00 % lost data
1.78190E+06 3.12638E+10 7.17705E+10 % total
];

MAT_u36_VOLUME = [ 3.23548E+05 3.23548E+05 3.23548E+05 ];

MAT_u36_BURNUP = [ 0.00000E+00 8.58124E+00 1.72506E+01 ];

MAT_u36_ADENS = [
0.00000E+00 0.00000E+00 0.00000E+00 % lost data
7.05262E-02 7.07436E-02 7.09589E-02 % total
];

MAT_u36_MDENS = [
0.00000E+00 0.00000E+00 0.00000E+00 % lost data
1.05500E+01 1.05497E+01 1.05495E+01 % total
];

MAT_u36_A = [
0.00000E+00 0.00000E+00 0.00000E+00 % lost data
2.38529E+11 1.41131E+19 1.55611E+19 % total
];

MAT_u36_H = [
0.00000E+00 0.00000E+00 0.00000E+00 % lost data
1.81898E-01 4.27782E+06 4.57378E+06 % total
];

MAT_u36_SF = [
0.00000E+00 0.00000E+00 0.00000E+00 % lost data
1.94919E+04 3.81777E+06 4.93704E+07 % total
];

MAT_u36_GSRC = [
0.00000E+00 0.00000E+00 0.00000E+00 % lost data
3.89606E+10 1.50806E+19 1.65973E+19 % total
];

MAT_u36_ING_TOX = [
0.00000E+00 0.00000E+00 0.00000E+00 % lost data
1.15200E+04 6.72771E+09 7.80140E+09 % total
];

MAT_u36_INH_TOX = [
0.00000E+00 0.00000E+00 0.00000E+00 % lost data
2.18119E+06 2.07890E+10 4.70626E+10 % total
];

MAT_g30_VOLUME = [ 9.92400E+03 9.92400E+03 9.92400E+03 ];

MAT_g30_BURNUP = [ 0.00000E+00 1.19398E+00 3.41765E+00 ];

MAT_g30_ADENS = [
0.00000E+00 0.00000E+00 0.00000E+00 % lost data
7.03576E-02 7.03854E-02 7.04395E-02 % total
];

MAT_g30_MDENS = [
0.00000E+00 0.00000E+00 0.00000E+00 % lost data
1.04500E+01 1.04502E+01 1.04502E+01 % total
];

MAT_g30_A = [
0.00000E+00 0.00000E+00 0.00000E+00 % lost data
4.17236E+09 7.60534E+16 1.32216E+17 % total
];

MAT_g30_H = [
0.00000E+00 0.00000E+00 0.00000E+00 % lost data
3.13988E-03 1.98191E+04 3.66670E+04 % total
];

MAT_g30_SF = [
0.00000E+00 0.00000E+00 0.00000E+00 % lost data
5.87142E+02 2.27910E+04 4.30686E+05 % total
];

MAT_g30_GSRC = [
0.00000E+00 0.00000E+00 0.00000E+00 % lost data
6.51339E+08 8.36562E+16 1.42771E+17 % total
];

MAT_g30_ING_TOX = [
0.00000E+00 0.00000E+00 0.00000E+00 % lost data
1.99742E+02 3.49090E+07 6.42584E+07 % total
];

MAT_g30_INH_TOX = [
0.00000E+00 0.00000E+00 0.00000E+00 % lost data
3.75385E+04 1.33080E+08 4.17765E+08 % total
];

MAT_g25_VOLUME = [ 1.98510E+04 1.98510E+04 1.98510E+04 ];

MAT_g25_BURNUP = [ 0.00000E+00 2.17767E+00 5.52206E+00 ];

MAT_g25_ADENS = [
0.00000E+00 0.00000E+00 0.00000E+00 % lost data
7.02743E-02 7.03243E-02 7.04075E-02 % total
];

MAT_g25_MDENS = [
0.00000E+00 0.00000E+00 0.00000E+00 % lost data
1.04500E+01 1.04502E+01 1.04502E+01 % total
];

MAT_g25_A = [
0.00000E+00 0.00000E+00 0.00000E+00 % lost data
9.19165E+09 2.49883E+17 3.83185E+17 % total
];

MAT_g25_H = [
0.00000E+00 0.00000E+00 0.00000E+00 % lost data
6.93692E-03 6.82730E+04 1.07712E+05 % total
];

MAT_g25_SF = [
0.00000E+00 0.00000E+00 0.00000E+00 % lost data
1.17686E+03 1.55419E+05 2.29904E+06 % total
];

MAT_g25_GSRC = [
0.00000E+00 0.00000E+00 0.00000E+00 % lost data
1.45025E+09 2.72246E+17 4.11521E+17 % total
];

MAT_g25_ING_TOX = [
0.00000E+00 0.00000E+00 0.00000E+00 % lost data
4.40864E+02 1.16703E+08 1.89319E+08 % total
];

MAT_g25_INH_TOX = [
0.00000E+00 0.00000E+00 0.00000E+00 % lost data
8.29871E+04 4.73926E+08 1.35817E+09 % total
];

TOT_VOLUME = [ 1.02696E+06 1.02696E+06 1.02696E+06 ];

TOT_BURNUP = [ 0.00000E+00 1.10014E+01 2.10029E+01 ];

TOT_ADENS = [
0.00000E+00 0.00000E+00 0.00000E+00 % lost data
7.05173E-02 7.07986E-02 7.10445E-02 % total
];

TOT_MASS = [
0.00000E+00 0.00000E+00 0.00000E+00 % lost data
1.08314E+07 1.08311E+07 1.08309E+07 % total
];

TOT_A = [
0.00000E+00 0.00000E+00 0.00000E+00 % lost data
6.28009E+11 5.83377E+19 5.76758E+19 % total
];

TOT_H = [
0.00000E+00 0.00000E+00 0.00000E+00 % lost data
4.77025E-01 1.71980E+07 1.63825E+07 % total
];

TOT_SF = [
0.00000E+00 0.00000E+00 0.00000E+00 % lost data
6.23699E+04 6.07107E+07 5.70370E+08 % total
];

TOT_GSRC = [
0.00000E+00 0.00000E+00 0.00000E+00 % lost data
1.01287E+11 6.25337E+19 6.16440E+19 % total
];

TOT_ING_TOX = [
0.00000E+00 0.00000E+00 0.00000E+00 % lost data
3.02509E+04 2.80589E+10 2.93569E+10 % total
];

TOT_INH_TOX = [
0.00000E+00 0.00000E+00 0.00000E+00 % lost data
5.71506E+06 1.07170E+11 2.39513E+11 % total
];

BU = [ 0.00000E+00 1.10000E+01 2.10000E+01 ];

DAYS = [ 0.00000E+00 3.88787E+02 7.42230E+02 ];
