
ZAI = [
666
0
];

NAMES = [
'lost            '
'total           '
];

iLOST    = 1;
iTOT     = 2;

MAT_u195_VOLUME = [ 2.72548E+04 2.72548E+04 2.72548E+04 ];

MAT_u195_BURNUP = [ 0.00000E+00 1.53051E+01 2.66616E+01 ];

MAT_u195_ADENS = [
0.00000E+00 0.00000E+00 0.00000E+00 % lost data
7.05213E-02 7.09137E-02 7.11896E-02 % total
];

MAT_u195_MDENS = [
0.00000E+00 0.00000E+00 0.00000E+00 % lost data
1.05500E+01 1.05496E+01 1.05494E+01 % total
];

MAT_u195_A = [
0.00000E+00 0.00000E+00 0.00000E+00 % lost data
1.36416E+10 2.11499E+18 1.73747E+18 % total
];

MAT_u195_H = [
0.00000E+00 0.00000E+00 0.00000E+00 % lost data
1.03082E-02 6.11040E+05 4.79047E+05 % total
];

MAT_u195_SF = [
0.00000E+00 0.00000E+00 0.00000E+00 % lost data
1.67049E+03 4.31957E+06 3.33065E+07 % total
];

MAT_u195_GSRC = [
0.00000E+00 0.00000E+00 0.00000E+00 % lost data
2.16215E+09 2.26894E+18 1.85663E+18 % total
];

MAT_u195_ING_TOX = [
0.00000E+00 0.00000E+00 0.00000E+00 % lost data
6.54843E+02 1.02766E+09 9.03893E+08 % total
];

MAT_u195_INH_TOX = [
0.00000E+00 0.00000E+00 0.00000E+00 % lost data
1.23353E+05 4.60043E+09 9.46574E+09 % total
];

MAT_u205_VOLUME = [ 3.31523E+05 3.31523E+05 3.31523E+05 ];

MAT_u205_BURNUP = [ 0.00000E+00 1.38213E+01 2.52254E+01 ];

MAT_u205_ADENS = [
0.00000E+00 0.00000E+00 0.00000E+00 % lost data
7.05216E-02 7.08768E-02 7.11550E-02 % total
];

MAT_u205_MDENS = [
0.00000E+00 0.00000E+00 0.00000E+00 % lost data
1.05500E+01 1.05496E+01 1.05495E+01 % total
];

MAT_u205_A = [
0.00000E+00 0.00000E+00 0.00000E+00 % lost data
1.70607E+11 2.34348E+19 2.11391E+19 % total
];

MAT_u205_H = [
0.00000E+00 0.00000E+00 0.00000E+00 % lost data
1.29019E-01 6.81766E+06 5.87547E+06 % total
];

MAT_u205_SF = [
0.00000E+00 0.00000E+00 0.00000E+00 % lost data
2.02985E+04 3.65200E+07 3.21498E+08 % total
];

MAT_u205_GSRC = [
0.00000E+00 0.00000E+00 0.00000E+00 % lost data
2.71161E+10 2.51371E+19 2.25985E+19 % total
];

MAT_u205_ING_TOX = [
0.00000E+00 0.00000E+00 0.00000E+00 % lost data
8.19397E+03 1.13526E+10 1.09079E+10 % total
];

MAT_u205_INH_TOX = [
0.00000E+00 0.00000E+00 0.00000E+00 % lost data
1.54418E+06 4.81594E+10 1.04559E+11 % total
];

MAT_u27_VOLUME = [ 3.19594E+05 3.19594E+05 3.19594E+05 ];

MAT_u27_BURNUP = [ 0.00000E+00 1.09160E+01 2.11914E+01 ];

MAT_u27_ADENS = [
0.00000E+00 0.00000E+00 0.00000E+00 % lost data
7.05235E-02 7.08014E-02 7.10549E-02 % total
];

MAT_u27_MDENS = [
0.00000E+00 0.00000E+00 0.00000E+00 % lost data
1.05500E+01 1.05497E+01 1.05495E+01 % total
];

MAT_u27_A = [
0.00000E+00 0.00000E+00 0.00000E+00 % lost data
1.94020E+11 1.77104E+19 1.81133E+19 % total
];

MAT_u27_H = [
0.00000E+00 0.00000E+00 0.00000E+00 % lost data
1.47346E-01 5.27538E+06 5.19585E+06 % total
];

MAT_u27_SF = [
0.00000E+00 0.00000E+00 0.00000E+00 % lost data
1.94363E+04 1.17101E+07 1.29503E+08 % total
];

MAT_u27_GSRC = [
0.00000E+00 0.00000E+00 0.00000E+00 % lost data
3.12847E+10 1.89588E+19 1.93382E+19 % total
];

MAT_u27_ING_TOX = [
0.00000E+00 0.00000E+00 0.00000E+00 % lost data
9.34465E+03 8.51176E+09 9.20913E+09 % total
];

MAT_u27_INH_TOX = [
0.00000E+00 0.00000E+00 0.00000E+00 % lost data
1.76521E+06 3.05211E+10 6.97582E+10 % total
];

MAT_u36_VOLUME = [ 3.21718E+05 3.21718E+05 3.21718E+05 ];

MAT_u36_BURNUP = [ 0.00000E+00 8.63508E+00 1.74311E+01 ];

MAT_u36_ADENS = [
0.00000E+00 0.00000E+00 0.00000E+00 % lost data
7.05262E-02 7.07445E-02 7.09629E-02 % total
];

MAT_u36_MDENS = [
0.00000E+00 0.00000E+00 0.00000E+00 % lost data
1.05500E+01 1.05497E+01 1.05495E+01 % total
];

MAT_u36_A = [
0.00000E+00 0.00000E+00 0.00000E+00 % lost data
2.37181E+11 1.39175E+19 1.54869E+19 % total
];

MAT_u36_H = [
0.00000E+00 0.00000E+00 0.00000E+00 % lost data
1.80869E-01 4.23896E+06 4.57596E+06 % total
];

MAT_u36_SF = [
0.00000E+00 0.00000E+00 0.00000E+00 % lost data
1.93817E+04 3.63728E+06 4.77243E+07 % total
];

MAT_u36_GSRC = [
0.00000E+00 0.00000E+00 0.00000E+00 % lost data
3.87404E+10 1.48542E+19 1.64973E+19 % total
];

MAT_u36_ING_TOX = [
0.00000E+00 0.00000E+00 0.00000E+00 % lost data
1.14549E+04 6.64097E+09 7.77240E+09 % total
];

MAT_u36_INH_TOX = [
0.00000E+00 0.00000E+00 0.00000E+00 % lost data
2.16886E+06 2.03373E+10 4.60283E+10 % total
];

MAT_g30_VOLUME = [ 9.92400E+03 9.92400E+03 9.92400E+03 ];

MAT_g30_BURNUP = [ 0.00000E+00 1.17600E+00 3.42685E+00 ];

MAT_g30_ADENS = [
0.00000E+00 0.00000E+00 0.00000E+00 % lost data
7.03576E-02 7.03849E-02 7.04395E-02 % total
];

MAT_g30_MDENS = [
0.00000E+00 0.00000E+00 0.00000E+00 % lost data
1.04500E+01 1.04502E+01 1.04502E+01 % total
];

MAT_g30_A = [
0.00000E+00 0.00000E+00 0.00000E+00 % lost data
4.17236E+09 7.26921E+16 1.31867E+17 % total
];

MAT_g30_H = [
0.00000E+00 0.00000E+00 0.00000E+00 % lost data
3.13988E-03 1.91925E+04 3.67932E+04 % total
];

MAT_g30_SF = [
0.00000E+00 0.00000E+00 0.00000E+00 % lost data
5.87142E+02 2.14756E+04 3.96479E+05 % total
];

MAT_g30_GSRC = [
0.00000E+00 0.00000E+00 0.00000E+00 % lost data
6.51339E+08 7.97404E+16 1.42293E+17 % total
];

MAT_g30_ING_TOX = [
0.00000E+00 0.00000E+00 0.00000E+00 % lost data
1.99742E+02 3.33950E+07 6.40448E+07 % total
];

MAT_g30_INH_TOX = [
0.00000E+00 0.00000E+00 0.00000E+00 % lost data
3.75385E+04 1.25983E+08 3.99444E+08 % total
];

MAT_g25_VOLUME = [ 1.98510E+04 1.98510E+04 1.98510E+04 ];

MAT_g25_BURNUP = [ 0.00000E+00 2.14247E+00 5.48254E+00 ];

MAT_g25_ADENS = [
0.00000E+00 0.00000E+00 0.00000E+00 % lost data
7.02743E-02 7.03235E-02 7.04065E-02 % total
];

MAT_g25_MDENS = [
0.00000E+00 0.00000E+00 0.00000E+00 % lost data
1.04500E+01 1.04502E+01 1.04502E+01 % total
];

MAT_g25_A = [
0.00000E+00 0.00000E+00 0.00000E+00 % lost data
9.19165E+09 2.41631E+17 3.78734E+17 % total
];

MAT_g25_H = [
0.00000E+00 0.00000E+00 0.00000E+00 % lost data
6.93692E-03 6.64780E+04 1.06876E+05 % total
];

MAT_g25_SF = [
0.00000E+00 0.00000E+00 0.00000E+00 % lost data
1.17686E+03 1.46057E+05 2.23364E+06 % total
];

MAT_g25_GSRC = [
0.00000E+00 0.00000E+00 0.00000E+00 % lost data
1.45025E+09 2.62879E+17 4.06386E+17 % total
];

MAT_g25_ING_TOX = [
0.00000E+00 0.00000E+00 0.00000E+00 % lost data
4.40864E+02 1.12924E+08 1.87342E+08 % total
];

MAT_g25_INH_TOX = [
0.00000E+00 0.00000E+00 0.00000E+00 % lost data
8.29871E+04 4.53729E+08 1.32332E+09 % total
];

TOT_VOLUME = [ 1.02987E+06 1.02987E+06 1.02987E+06 ];

TOT_BURNUP = [ 0.00000E+00 1.10015E+01 2.10030E+01 ];

TOT_ADENS = [
0.00000E+00 0.00000E+00 0.00000E+00 % lost data
7.05173E-02 7.07977E-02 7.10435E-02 % total
];

TOT_MASS = [
0.00000E+00 0.00000E+00 0.00000E+00 % lost data
1.08621E+07 1.08618E+07 1.08616E+07 % total
];

TOT_A = [
0.00000E+00 0.00000E+00 0.00000E+00 % lost data
6.28814E+11 5.74920E+19 5.69874E+19 % total
];

TOT_H = [
0.00000E+00 0.00000E+00 0.00000E+00 % lost data
4.77619E-01 1.70287E+07 1.62700E+07 % total
];

TOT_SF = [
0.00000E+00 0.00000E+00 0.00000E+00 % lost data
6.25510E+04 5.63545E+07 5.34662E+08 % total
];

TOT_GSRC = [
0.00000E+00 0.00000E+00 0.00000E+00 % lost data
1.01405E+11 6.15616E+19 6.08394E+19 % total
];

TOT_ING_TOX = [
0.00000E+00 0.00000E+00 0.00000E+00 % lost data
3.02890E+04 2.76793E+10 2.90447E+10 % total
];

TOT_INH_TOX = [
0.00000E+00 0.00000E+00 0.00000E+00 % lost data
5.72213E+06 1.04198E+11 2.31534E+11 % total
];

BU = [ 0.00000E+00 1.10000E+01 2.10000E+01 ];

DAYS = [ 0.00000E+00 3.89889E+02 7.44334E+02 ];
