
ZAI = [
666
0
];

NAMES = [
'lost            '
'total           '
];

iLOST    = 1;
iTOT     = 2;

MAT_u195_VOLUME = [ 2.75729E+04 2.75729E+04 2.75729E+04 ];

MAT_u195_BURNUP = [ 0.00000E+00 1.56738E+01 2.70551E+01 ];

MAT_u195_ADENS = [
0.00000E+00 0.00000E+00 0.00000E+00 % lost data
7.05213E-02 7.09247E-02 7.12011E-02 % total
];

MAT_u195_MDENS = [
0.00000E+00 0.00000E+00 0.00000E+00 % lost data
1.05500E+01 1.05496E+01 1.05494E+01 % total
];

MAT_u195_A = [
0.00000E+00 0.00000E+00 0.00000E+00 % lost data
1.38008E+10 2.19822E+18 1.76741E+18 % total
];

MAT_u195_H = [
0.00000E+00 0.00000E+00 0.00000E+00 % lost data
1.04285E-02 6.33925E+05 4.86159E+05 % total
];

MAT_u195_SF = [
0.00000E+00 0.00000E+00 0.00000E+00 % lost data
1.68999E+03 5.11827E+06 3.79001E+07 % total
];

MAT_u195_GSRC = [
0.00000E+00 0.00000E+00 0.00000E+00 % lost data
2.18739E+09 2.35790E+18 1.88832E+18 % total
];

MAT_u195_ING_TOX = [
0.00000E+00 0.00000E+00 0.00000E+00 % lost data
6.62486E+02 1.06861E+09 9.22733E+08 % total
];

MAT_u195_INH_TOX = [
0.00000E+00 0.00000E+00 0.00000E+00 % lost data
1.24793E+05 4.93640E+09 1.00392E+10 % total
];

MAT_u205_VOLUME = [ 3.28115E+05 3.28115E+05 3.28115E+05 ];

MAT_u205_BURNUP = [ 0.00000E+00 1.41832E+01 2.57823E+01 ];

MAT_u205_ADENS = [
0.00000E+00 0.00000E+00 0.00000E+00 % lost data
7.05216E-02 7.08866E-02 7.11697E-02 % total
];

MAT_u205_MDENS = [
0.00000E+00 0.00000E+00 0.00000E+00 % lost data
1.05500E+01 1.05496E+01 1.05494E+01 % total
];

MAT_u205_A = [
0.00000E+00 0.00000E+00 0.00000E+00 % lost data
1.68853E+11 2.38187E+19 2.13232E+19 % total
];

MAT_u205_H = [
0.00000E+00 0.00000E+00 0.00000E+00 % lost data
1.27693E-01 6.91878E+06 5.91486E+06 % total
];

MAT_u205_SF = [
0.00000E+00 0.00000E+00 0.00000E+00 % lost data
2.00899E+04 4.15406E+07 3.59628E+08 % total
];

MAT_u205_GSRC = [
0.00000E+00 0.00000E+00 0.00000E+00 % lost data
2.68373E+10 2.55473E+19 2.27915E+19 % total
];

MAT_u205_ING_TOX = [
0.00000E+00 0.00000E+00 0.00000E+00 % lost data
8.10973E+03 1.15446E+10 1.10254E+10 % total
];

MAT_u205_INH_TOX = [
0.00000E+00 0.00000E+00 0.00000E+00 % lost data
1.52831E+06 5.03844E+10 1.09586E+11 % total
];

MAT_u27_VOLUME = [ 3.23275E+05 3.23275E+05 3.23275E+05 ];

MAT_u27_BURNUP = [ 0.00000E+00 1.07905E+01 2.10142E+01 ];

MAT_u27_ADENS = [
0.00000E+00 0.00000E+00 0.00000E+00 % lost data
7.05235E-02 7.07983E-02 7.10507E-02 % total
];

MAT_u27_MDENS = [
0.00000E+00 0.00000E+00 0.00000E+00 % lost data
1.05500E+01 1.05497E+01 1.05495E+01 % total
];

MAT_u27_A = [
0.00000E+00 0.00000E+00 0.00000E+00 % lost data
1.96255E+11 1.77123E+19 1.82498E+19 % total
];

MAT_u27_H = [
0.00000E+00 0.00000E+00 0.00000E+00 % lost data
1.49043E-01 5.27701E+06 5.23456E+06 % total
];

MAT_u27_SF = [
0.00000E+00 0.00000E+00 0.00000E+00 % lost data
1.96601E+04 1.19233E+07 1.32793E+08 % total
];

MAT_u27_GSRC = [
0.00000E+00 0.00000E+00 0.00000E+00 % lost data
3.16450E+10 1.89594E+19 1.94849E+19 % total
];

MAT_u27_ING_TOX = [
0.00000E+00 0.00000E+00 0.00000E+00 % lost data
9.45228E+03 8.51014E+09 9.27811E+09 % total
];

MAT_u27_INH_TOX = [
0.00000E+00 0.00000E+00 0.00000E+00 % lost data
1.78554E+06 3.07630E+10 7.08437E+10 % total
];

MAT_u36_VOLUME = [ 3.23707E+05 3.23707E+05 3.23707E+05 ];

MAT_u36_BURNUP = [ 0.00000E+00 8.40163E+00 1.70668E+01 ];

MAT_u36_ADENS = [
0.00000E+00 0.00000E+00 0.00000E+00 % lost data
7.05262E-02 7.07387E-02 7.09540E-02 % total
];

MAT_u36_MDENS = [
0.00000E+00 0.00000E+00 0.00000E+00 % lost data
1.05500E+01 1.05497E+01 1.05495E+01 % total
];

MAT_u36_A = [
0.00000E+00 0.00000E+00 0.00000E+00 % lost data
2.38647E+11 1.36329E+19 1.53580E+19 % total
];

MAT_u36_H = [
0.00000E+00 0.00000E+00 0.00000E+00 % lost data
1.81987E-01 4.15232E+06 4.54005E+06 % total
];

MAT_u36_SF = [
0.00000E+00 0.00000E+00 0.00000E+00 % lost data
1.95015E+04 3.46558E+06 4.64977E+07 % total
];

MAT_u36_GSRC = [
0.00000E+00 0.00000E+00 0.00000E+00 % lost data
3.89798E+10 1.45507E+19 1.63605E+19 % total
];

MAT_u36_ING_TOX = [
0.00000E+00 0.00000E+00 0.00000E+00 % lost data
1.15257E+04 6.50054E+09 7.70096E+09 % total
];

MAT_u36_INH_TOX = [
0.00000E+00 0.00000E+00 0.00000E+00 % lost data
2.18227E+06 1.99265E+10 4.55523E+10 % total
];

MAT_g30_VOLUME = [ 9.92400E+03 9.92400E+03 9.92400E+03 ];

MAT_g30_BURNUP = [ 0.00000E+00 1.15637E+00 3.36191E+00 ];

MAT_g30_ADENS = [
0.00000E+00 0.00000E+00 0.00000E+00 % lost data
7.03576E-02 7.03847E-02 7.04375E-02 % total
];

MAT_g30_MDENS = [
0.00000E+00 0.00000E+00 0.00000E+00 % lost data
1.04500E+01 1.04502E+01 1.04502E+01 % total
];

MAT_g30_A = [
0.00000E+00 0.00000E+00 0.00000E+00 % lost data
4.17236E+09 7.15485E+16 1.28642E+17 % total
];

MAT_g30_H = [
0.00000E+00 0.00000E+00 0.00000E+00 % lost data
3.13988E-03 1.89683E+04 3.58062E+04 % total
];

MAT_g30_SF = [
0.00000E+00 0.00000E+00 0.00000E+00 % lost data
5.87142E+02 2.06078E+04 3.86124E+05 % total
];

MAT_g30_GSRC = [
0.00000E+00 0.00000E+00 0.00000E+00 % lost data
6.51339E+08 7.84126E+16 1.38808E+17 % total
];

MAT_g30_ING_TOX = [
0.00000E+00 0.00000E+00 0.00000E+00 % lost data
1.99742E+02 3.28758E+07 6.23980E+07 % total
];

MAT_g30_INH_TOX = [
0.00000E+00 0.00000E+00 0.00000E+00 % lost data
3.75385E+04 1.23184E+08 3.91258E+08 % total
];

MAT_g25_VOLUME = [ 1.98510E+04 1.98510E+04 1.98510E+04 ];

MAT_g25_BURNUP = [ 0.00000E+00 2.18070E+00 5.53946E+00 ];

MAT_g25_ADENS = [
0.00000E+00 0.00000E+00 0.00000E+00 % lost data
7.02743E-02 7.03246E-02 7.04083E-02 % total
];

MAT_g25_MDENS = [
0.00000E+00 0.00000E+00 0.00000E+00 % lost data
1.04500E+01 1.04502E+01 1.04502E+01 % total
];

MAT_g25_A = [
0.00000E+00 0.00000E+00 0.00000E+00 % lost data
9.19165E+09 2.45588E+17 3.79626E+17 % total
];

MAT_g25_H = [
0.00000E+00 0.00000E+00 0.00000E+00 % lost data
6.93692E-03 6.77042E+04 1.07422E+05 % total
];

MAT_g25_SF = [
0.00000E+00 0.00000E+00 0.00000E+00 % lost data
1.17686E+03 1.55704E+05 2.36745E+06 % total
];

MAT_g25_GSRC = [
0.00000E+00 0.00000E+00 0.00000E+00 % lost data
1.45025E+09 2.66995E+17 4.06998E+17 % total
];

MAT_g25_ING_TOX = [
0.00000E+00 0.00000E+00 0.00000E+00 % lost data
4.40864E+02 1.14827E+08 1.87925E+08 % total
];

MAT_g25_INH_TOX = [
0.00000E+00 0.00000E+00 0.00000E+00 % lost data
8.29871E+04 4.65882E+08 1.35380E+09 % total
];

TOT_VOLUME = [ 1.03244E+06 1.03244E+06 1.03244E+06 ];

TOT_BURNUP = [ 0.00000E+00 1.10015E+01 2.10028E+01 ];

TOT_ADENS = [
0.00000E+00 0.00000E+00 0.00000E+00 % lost data
7.05173E-02 7.07980E-02 7.10440E-02 % total
];

TOT_MASS = [
0.00000E+00 0.00000E+00 0.00000E+00 % lost data
1.08893E+07 1.08890E+07 1.08888E+07 % total
];

TOT_A = [
0.00000E+00 0.00000E+00 0.00000E+00 % lost data
6.30919E+11 5.76793E+19 5.72066E+19 % total
];

TOT_H = [
0.00000E+00 0.00000E+00 0.00000E+00 % lost data
4.79228E-01 1.70687E+07 1.63189E+07 % total
];

TOT_SF = [
0.00000E+00 0.00000E+00 0.00000E+00 % lost data
6.27055E+04 6.22241E+07 5.79572E+08 % total
];

TOT_GSRC = [
0.00000E+00 0.00000E+00 0.00000E+00 % lost data
1.01751E+11 6.17607E+19 6.10711E+19 % total
];

TOT_ING_TOX = [
0.00000E+00 0.00000E+00 0.00000E+00 % lost data
3.03908E+04 2.77716E+10 2.91775E+10 % total
];

TOT_INH_TOX = [
0.00000E+00 0.00000E+00 0.00000E+00 % lost data
5.74143E+06 1.06599E+11 2.37766E+11 % total
];

BU = [ 0.00000E+00 1.10000E+01 2.10000E+01 ];

DAYS = [ 0.00000E+00 3.90867E+02 7.46200E+02 ];
