
ZAI = [
666
0
];

NAMES = [
'lost            '
'total           '
];

iLOST    = 1;
iTOT     = 2;

MAT_u195_VOLUME = [ 2.66868E+04 2.66868E+04 2.66868E+04 ];

MAT_u195_BURNUP = [ 0.00000E+00 1.54966E+01 2.68513E+01 ];

MAT_u195_ADENS = [
0.00000E+00 0.00000E+00 0.00000E+00 % lost data
7.05213E-02 7.09168E-02 7.11925E-02 % total
];

MAT_u195_MDENS = [
0.00000E+00 0.00000E+00 0.00000E+00 % lost data
1.05500E+01 1.05496E+01 1.05494E+01 % total
];

MAT_u195_A = [
0.00000E+00 0.00000E+00 0.00000E+00 % lost data
1.33573E+10 2.05087E+18 1.67228E+18 % total
];

MAT_u195_H = [
0.00000E+00 0.00000E+00 0.00000E+00 % lost data
1.00934E-02 5.94354E+05 4.62580E+05 % total
];

MAT_u195_SF = [
0.00000E+00 0.00000E+00 0.00000E+00 % lost data
1.63568E+03 4.19965E+06 3.24884E+07 % total
];

MAT_u195_GSRC = [
0.00000E+00 0.00000E+00 0.00000E+00 % lost data
2.11709E+09 2.19814E+18 1.78475E+18 % total
];

MAT_u195_ING_TOX = [
0.00000E+00 0.00000E+00 0.00000E+00 % lost data
6.41195E+02 9.98223E+08 8.72527E+08 % total
];

MAT_u195_INH_TOX = [
0.00000E+00 0.00000E+00 0.00000E+00 % lost data
1.20782E+05 4.46375E+09 9.07345E+09 % total
];

MAT_u205_VOLUME = [ 3.28535E+05 3.28535E+05 3.28535E+05 ];

MAT_u205_BURNUP = [ 0.00000E+00 1.39114E+01 2.53326E+01 ];

MAT_u205_ADENS = [
0.00000E+00 0.00000E+00 0.00000E+00 % lost data
7.05216E-02 7.08775E-02 7.11563E-02 % total
];

MAT_u205_MDENS = [
0.00000E+00 0.00000E+00 0.00000E+00 % lost data
1.05500E+01 1.05496E+01 1.05494E+01 % total
];

MAT_u205_A = [
0.00000E+00 0.00000E+00 0.00000E+00 % lost data
1.69069E+11 2.28785E+19 2.06498E+19 % total
];

MAT_u205_H = [
0.00000E+00 0.00000E+00 0.00000E+00 % lost data
1.27856E-01 6.68133E+06 5.75860E+06 % total
];

MAT_u205_SF = [
0.00000E+00 0.00000E+00 0.00000E+00 % lost data
2.01156E+04 3.53548E+07 3.13766E+08 % total
];

MAT_u205_GSRC = [
0.00000E+00 0.00000E+00 0.00000E+00 % lost data
2.68717E+10 2.45151E+19 2.20519E+19 % total
];

MAT_u205_ING_TOX = [
0.00000E+00 0.00000E+00 0.00000E+00 % lost data
8.12012E+03 1.10996E+10 1.06793E+10 % total
];

MAT_u205_INH_TOX = [
0.00000E+00 0.00000E+00 0.00000E+00 % lost data
1.53026E+06 4.68058E+10 1.00976E+11 % total
];

MAT_u27_VOLUME = [ 3.24752E+05 3.24752E+05 3.24752E+05 ];

MAT_u27_BURNUP = [ 0.00000E+00 1.08302E+01 2.10225E+01 ];

MAT_u27_ADENS = [
0.00000E+00 0.00000E+00 0.00000E+00 % lost data
7.05235E-02 7.07984E-02 7.10499E-02 % total
];

MAT_u27_MDENS = [
0.00000E+00 0.00000E+00 0.00000E+00 % lost data
1.05500E+01 1.05497E+01 1.05494E+01 % total
];

MAT_u27_A = [
0.00000E+00 0.00000E+00 0.00000E+00 % lost data
1.97152E+11 1.75299E+19 1.79789E+19 % total
];

MAT_u27_H = [
0.00000E+00 0.00000E+00 0.00000E+00 % lost data
1.49724E-01 5.24926E+06 5.18494E+06 % total
];

MAT_u27_SF = [
0.00000E+00 0.00000E+00 0.00000E+00 % lost data
1.97500E+04 1.09325E+07 1.22008E+08 % total
];

MAT_u27_GSRC = [
0.00000E+00 0.00000E+00 0.00000E+00 % lost data
3.17896E+10 1.87426E+19 1.91718E+19 % total
];

MAT_u27_ING_TOX = [
0.00000E+00 0.00000E+00 0.00000E+00 % lost data
9.49546E+03 8.43284E+09 9.15262E+09 % total
];

MAT_u27_INH_TOX = [
0.00000E+00 0.00000E+00 0.00000E+00 % lost data
1.79370E+06 2.97626E+10 6.75840E+10 % total
];

MAT_u36_VOLUME = [ 3.24104E+05 3.24104E+05 3.24104E+05 ];

MAT_u36_BURNUP = [ 0.00000E+00 8.66514E+00 1.75456E+01 ];

MAT_u36_ADENS = [
0.00000E+00 0.00000E+00 0.00000E+00 % lost data
7.05262E-02 7.07449E-02 7.09654E-02 % total
];

MAT_u36_MDENS = [
0.00000E+00 0.00000E+00 0.00000E+00 % lost data
1.05500E+01 1.05497E+01 1.05495E+01 % total
];

MAT_u36_A = [
0.00000E+00 0.00000E+00 0.00000E+00 % lost data
2.38940E+11 1.38556E+19 1.55316E+19 % total
];

MAT_u36_H = [
0.00000E+00 0.00000E+00 0.00000E+00 % lost data
1.82211E-01 4.24053E+06 4.61259E+06 % total
];

MAT_u36_SF = [
0.00000E+00 0.00000E+00 0.00000E+00 % lost data
1.95254E+04 3.46824E+06 4.65231E+07 % total
];

MAT_u36_GSRC = [
0.00000E+00 0.00000E+00 0.00000E+00 % lost data
3.90277E+10 1.47704E+19 1.65242E+19 % total
];

MAT_u36_ING_TOX = [
0.00000E+00 0.00000E+00 0.00000E+00 % lost data
1.15398E+04 6.61773E+09 7.80388E+09 % total
];

MAT_u36_INH_TOX = [
0.00000E+00 0.00000E+00 0.00000E+00 % lost data
2.18495E+06 2.00476E+10 4.53653E+10 % total
];

MAT_g30_VOLUME = [ 9.92400E+03 9.92400E+03 9.92400E+03 ];

MAT_g30_BURNUP = [ 0.00000E+00 1.18423E+00 3.45091E+00 ];

MAT_g30_ADENS = [
0.00000E+00 0.00000E+00 0.00000E+00 % lost data
7.03576E-02 7.03851E-02 7.04401E-02 % total
];

MAT_g30_MDENS = [
0.00000E+00 0.00000E+00 0.00000E+00 % lost data
1.04500E+01 1.04502E+01 1.04502E+01 % total
];

MAT_g30_A = [
0.00000E+00 0.00000E+00 0.00000E+00 % lost data
4.17236E+09 7.20253E+16 1.30818E+17 % total
];

MAT_g30_H = [
0.00000E+00 0.00000E+00 0.00000E+00 % lost data
3.13988E-03 1.91869E+04 3.67003E+04 % total
];

MAT_g30_SF = [
0.00000E+00 0.00000E+00 0.00000E+00 % lost data
5.87142E+02 2.16380E+04 3.98189E+05 % total
];

MAT_g30_GSRC = [
0.00000E+00 0.00000E+00 0.00000E+00 % lost data
6.51339E+08 7.88421E+16 1.40942E+17 % total
];

MAT_g30_ING_TOX = [
0.00000E+00 0.00000E+00 0.00000E+00 % lost data
1.99742E+02 3.31445E+07 6.35763E+07 % total
];

MAT_g30_INH_TOX = [
0.00000E+00 0.00000E+00 0.00000E+00 % lost data
3.75385E+04 1.24838E+08 3.93246E+08 % total
];

MAT_g25_VOLUME = [ 1.98510E+04 1.98510E+04 1.98510E+04 ];

MAT_g25_BURNUP = [ 0.00000E+00 2.15926E+00 5.50871E+00 ];

MAT_g25_ADENS = [
0.00000E+00 0.00000E+00 0.00000E+00 % lost data
7.02743E-02 7.03237E-02 7.04071E-02 % total
];

MAT_g25_MDENS = [
0.00000E+00 0.00000E+00 0.00000E+00 % lost data
1.04500E+01 1.04502E+01 1.04502E+01 % total
];

MAT_g25_A = [
0.00000E+00 0.00000E+00 0.00000E+00 % lost data
9.19165E+09 2.37607E+17 3.73721E+17 % total
];

MAT_g25_H = [
0.00000E+00 0.00000E+00 0.00000E+00 % lost data
6.93692E-03 6.59385E+04 1.06044E+05 % total
];

MAT_g25_SF = [
0.00000E+00 0.00000E+00 0.00000E+00 % lost data
1.17686E+03 1.44726E+05 2.10951E+06 % total
];

MAT_g25_GSRC = [
0.00000E+00 0.00000E+00 0.00000E+00 % lost data
1.45025E+09 2.57989E+17 4.00488E+17 % total
];

MAT_g25_ING_TOX = [
0.00000E+00 0.00000E+00 0.00000E+00 % lost data
4.40864E+02 1.11208E+08 1.85141E+08 % total
];

MAT_g25_INH_TOX = [
0.00000E+00 0.00000E+00 0.00000E+00 % lost data
8.29871E+04 4.44570E+08 1.27048E+09 % total
];

TOT_VOLUME = [ 1.03385E+06 1.03385E+06 1.03385E+06 ];

TOT_BURNUP = [ 0.00000E+00 1.10015E+01 2.10029E+01 ];

TOT_ADENS = [
0.00000E+00 0.00000E+00 0.00000E+00 % lost data
7.05173E-02 7.07967E-02 7.10427E-02 % total
];

TOT_MASS = [
0.00000E+00 0.00000E+00 0.00000E+00 % lost data
1.09042E+07 1.09038E+07 1.09036E+07 % total
];

TOT_A = [
0.00000E+00 0.00000E+00 0.00000E+00 % lost data
6.31882E+11 5.66246E+19 5.63371E+19 % total
];

TOT_H = [
0.00000E+00 0.00000E+00 0.00000E+00 % lost data
4.79961E-01 1.68506E+07 1.61615E+07 % total
];

TOT_SF = [
0.00000E+00 0.00000E+00 0.00000E+00 % lost data
6.27907E+04 5.41216E+07 5.17293E+08 % total
];

TOT_GSRC = [
0.00000E+00 0.00000E+00 0.00000E+00 % lost data
1.01908E+11 6.05630E+19 6.00741E+19 % total
];

TOT_ING_TOX = [
0.00000E+00 0.00000E+00 0.00000E+00 % lost data
3.04372E+04 2.72927E+10 2.87570E+10 % total
];

TOT_INH_TOX = [
0.00000E+00 0.00000E+00 0.00000E+00 % lost data
5.75022E+06 1.01649E+11 2.24663E+11 % total
];

BU = [ 0.00000E+00 1.10000E+01 2.10000E+01 ];

DAYS = [ 0.00000E+00 3.91401E+02 7.47219E+02 ];
