
ZAI = [
666
0
];

NAMES = [
'lost            '
'total           '
];

iLOST    = 1;
iTOT     = 2;

MAT_u195_VOLUME = [ 2.78797E+04 2.78797E+04 2.78797E+04 ];

MAT_u195_BURNUP = [ 0.00000E+00 1.50089E+01 2.62074E+01 ];

MAT_u195_ADENS = [
0.00000E+00 0.00000E+00 0.00000E+00 % lost data
7.05213E-02 7.09056E-02 7.11782E-02 % total
];

MAT_u195_MDENS = [
0.00000E+00 0.00000E+00 0.00000E+00 % lost data
1.05500E+01 1.05496E+01 1.05494E+01 % total
];

MAT_u195_A = [
0.00000E+00 0.00000E+00 0.00000E+00 % lost data
1.39543E+10 2.11607E+18 1.75111E+18 % total
];

MAT_u195_H = [
0.00000E+00 0.00000E+00 0.00000E+00 % lost data
1.05445E-02 6.13223E+05 4.84261E+05 % total
];

MAT_u195_SF = [
0.00000E+00 0.00000E+00 0.00000E+00 % lost data
1.70879E+03 4.19614E+06 3.24228E+07 % total
];

MAT_u195_GSRC = [
0.00000E+00 0.00000E+00 0.00000E+00 % lost data
2.21172E+09 2.26874E+18 1.87027E+18 % total
];

MAT_u195_ING_TOX = [
0.00000E+00 0.00000E+00 0.00000E+00 % lost data
6.69857E+02 1.02801E+09 9.11629E+08 % total
];

MAT_u195_INH_TOX = [
0.00000E+00 0.00000E+00 0.00000E+00 % lost data
1.26181E+05 4.55530E+09 9.30832E+09 % total
];

MAT_u205_VOLUME = [ 3.24275E+05 3.24275E+05 3.24275E+05 ];

MAT_u205_BURNUP = [ 0.00000E+00 1.40405E+01 2.56242E+01 ];

MAT_u205_ADENS = [
0.00000E+00 0.00000E+00 0.00000E+00 % lost data
7.05216E-02 7.08819E-02 7.11647E-02 % total
];

MAT_u205_MDENS = [
0.00000E+00 0.00000E+00 0.00000E+00 % lost data
1.05500E+01 1.05496E+01 1.05494E+01 % total
];

MAT_u205_A = [
0.00000E+00 0.00000E+00 0.00000E+00 % lost data
1.66877E+11 2.31909E+19 2.09748E+19 % total
];

MAT_u205_H = [
0.00000E+00 0.00000E+00 0.00000E+00 % lost data
1.26198E-01 6.75597E+06 5.83464E+06 % total
];

MAT_u205_SF = [
0.00000E+00 0.00000E+00 0.00000E+00 % lost data
1.98547E+04 3.73927E+07 3.31805E+08 % total
];

MAT_u205_GSRC = [
0.00000E+00 0.00000E+00 0.00000E+00 % lost data
2.65232E+10 2.48623E+19 2.24091E+19 % total
];

MAT_u205_ING_TOX = [
0.00000E+00 0.00000E+00 0.00000E+00 % lost data
8.01482E+03 1.12421E+10 1.08401E+10 % total
];

MAT_u205_INH_TOX = [
0.00000E+00 0.00000E+00 0.00000E+00 % lost data
1.51042E+06 4.78912E+10 1.04071E+11 % total
];

MAT_u27_VOLUME = [ 3.21241E+05 3.21241E+05 3.21241E+05 ];

MAT_u27_BURNUP = [ 0.00000E+00 1.08990E+01 2.10330E+01 ];

MAT_u27_ADENS = [
0.00000E+00 0.00000E+00 0.00000E+00 % lost data
7.05235E-02 7.08005E-02 7.10507E-02 % total
];

MAT_u27_MDENS = [
0.00000E+00 0.00000E+00 0.00000E+00 % lost data
1.05500E+01 1.05497E+01 1.05495E+01 % total
];

MAT_u27_A = [
0.00000E+00 0.00000E+00 0.00000E+00 % lost data
1.95020E+11 1.77120E+19 1.79594E+19 % total
];

MAT_u27_H = [
0.00000E+00 0.00000E+00 0.00000E+00 % lost data
1.48105E-01 5.29158E+06 5.16579E+06 % total
];

MAT_u27_SF = [
0.00000E+00 0.00000E+00 0.00000E+00 % lost data
1.95365E+04 1.14890E+07 1.25859E+08 % total
];

MAT_u27_GSRC = [
0.00000E+00 0.00000E+00 0.00000E+00 % lost data
3.14459E+10 1.89475E+19 1.91621E+19 % total
];

MAT_u27_ING_TOX = [
0.00000E+00 0.00000E+00 0.00000E+00 % lost data
9.39282E+03 8.51392E+09 9.13706E+09 % total
];

MAT_u27_INH_TOX = [
0.00000E+00 0.00000E+00 0.00000E+00 % lost data
1.77431E+06 3.03172E+10 6.84288E+10 % total
];

MAT_u36_VOLUME = [ 3.22627E+05 3.22627E+05 3.22627E+05 ];

MAT_u36_BURNUP = [ 0.00000E+00 8.51897E+00 1.73219E+01 ];

MAT_u36_ADENS = [
0.00000E+00 0.00000E+00 0.00000E+00 % lost data
7.05262E-02 7.07415E-02 7.09602E-02 % total
];

MAT_u36_MDENS = [
0.00000E+00 0.00000E+00 0.00000E+00 % lost data
1.05500E+01 1.05497E+01 1.05495E+01 % total
];

MAT_u36_A = [
0.00000E+00 0.00000E+00 0.00000E+00 % lost data
2.37851E+11 1.37595E+19 1.55368E+19 % total
];

MAT_u36_H = [
0.00000E+00 0.00000E+00 0.00000E+00 % lost data
1.81380E-01 4.20268E+06 4.60587E+06 % total
];

MAT_u36_SF = [
0.00000E+00 0.00000E+00 0.00000E+00 % lost data
1.94364E+04 3.40915E+06 4.60911E+07 % total
];

MAT_u36_GSRC = [
0.00000E+00 0.00000E+00 0.00000E+00 % lost data
3.88498E+10 1.46767E+19 1.65398E+19 % total
];

MAT_u36_ING_TOX = [
0.00000E+00 0.00000E+00 0.00000E+00 % lost data
1.14873E+04 6.56408E+09 7.79321E+09 % total
];

MAT_u36_INH_TOX = [
0.00000E+00 0.00000E+00 0.00000E+00 % lost data
2.17499E+06 1.98904E+10 4.53495E+10 % total
];

MAT_g30_VOLUME = [ 9.92400E+03 9.92400E+03 9.92400E+03 ];

MAT_g30_BURNUP = [ 0.00000E+00 1.16075E+00 3.39814E+00 ];

MAT_g30_ADENS = [
0.00000E+00 0.00000E+00 0.00000E+00 % lost data
7.03576E-02 7.03847E-02 7.04386E-02 % total
];

MAT_g30_MDENS = [
0.00000E+00 0.00000E+00 0.00000E+00 % lost data
1.04500E+01 1.04502E+01 1.04502E+01 % total
];

MAT_g30_A = [
0.00000E+00 0.00000E+00 0.00000E+00 % lost data
4.17236E+09 7.16364E+16 1.30634E+17 % total
];

MAT_g30_H = [
0.00000E+00 0.00000E+00 0.00000E+00 % lost data
3.13988E-03 1.90276E+04 3.65338E+04 % total
];

MAT_g30_SF = [
0.00000E+00 0.00000E+00 0.00000E+00 % lost data
5.87142E+02 2.11497E+04 3.85861E+05 % total
];

MAT_g30_GSRC = [
0.00000E+00 0.00000E+00 0.00000E+00 % lost data
6.51339E+08 7.84615E+16 1.40859E+17 % total
];

MAT_g30_ING_TOX = [
0.00000E+00 0.00000E+00 0.00000E+00 % lost data
1.99742E+02 3.29283E+07 6.33966E+07 % total
];

MAT_g30_INH_TOX = [
0.00000E+00 0.00000E+00 0.00000E+00 % lost data
3.75385E+04 1.24089E+08 3.90182E+08 % total
];

MAT_g25_VOLUME = [ 1.98510E+04 1.98510E+04 1.98510E+04 ];

MAT_g25_BURNUP = [ 0.00000E+00 2.15652E+00 5.45582E+00 ];

MAT_g25_ADENS = [
0.00000E+00 0.00000E+00 0.00000E+00 % lost data
7.02743E-02 7.03239E-02 7.04059E-02 % total
];

MAT_g25_MDENS = [
0.00000E+00 0.00000E+00 0.00000E+00 % lost data
1.04500E+01 1.04502E+01 1.04502E+01 % total
];

MAT_g25_A = [
0.00000E+00 0.00000E+00 0.00000E+00 % lost data
9.19165E+09 2.41876E+17 3.72194E+17 % total
];

MAT_g25_H = [
0.00000E+00 0.00000E+00 0.00000E+00 % lost data
6.93692E-03 6.69408E+04 1.05538E+05 % total
];

MAT_g25_SF = [
0.00000E+00 0.00000E+00 0.00000E+00 % lost data
1.17686E+03 1.48078E+05 2.14247E+06 % total
];

MAT_g25_GSRC = [
0.00000E+00 0.00000E+00 0.00000E+00 % lost data
1.45025E+09 2.62813E+17 3.98946E+17 % total
];

MAT_g25_ING_TOX = [
0.00000E+00 0.00000E+00 0.00000E+00 % lost data
4.40864E+02 1.13118E+08 1.84234E+08 % total
];

MAT_g25_INH_TOX = [
0.00000E+00 0.00000E+00 0.00000E+00 % lost data
8.29871E+04 4.53601E+08 1.28327E+09 % total
];

TOT_VOLUME = [ 1.02580E+06 1.02580E+06 1.02580E+06 ];

TOT_BURNUP = [ 0.00000E+00 1.10014E+01 2.10028E+01 ];

TOT_ADENS = [
0.00000E+00 0.00000E+00 0.00000E+00 % lost data
7.05173E-02 7.07973E-02 7.10433E-02 % total
];

TOT_MASS = [
0.00000E+00 0.00000E+00 0.00000E+00 % lost data
1.08192E+07 1.08189E+07 1.08187E+07 % total
];

TOT_A = [
0.00000E+00 0.00000E+00 0.00000E+00 % lost data
6.27066E+11 5.70920E+19 5.67250E+19 % total
];

TOT_H = [
0.00000E+00 0.00000E+00 0.00000E+00 % lost data
4.76305E-01 1.69494E+07 1.62326E+07 % total
];

TOT_SF = [
0.00000E+00 0.00000E+00 0.00000E+00 % lost data
6.23005E+04 5.66563E+07 5.38706E+08 % total
];

TOT_GSRC = [
0.00000E+00 0.00000E+00 0.00000E+00 % lost data
1.01132E+11 6.10965E+19 6.05211E+19 % total
];

TOT_ING_TOX = [
0.00000E+00 0.00000E+00 0.00000E+00 % lost data
3.02054E+04 2.74941E+10 2.89296E+10 % total
];

TOT_INH_TOX = [
0.00000E+00 0.00000E+00 0.00000E+00 % lost data
5.70643E+06 1.03232E+11 2.28831E+11 % total
];

BU = [ 0.00000E+00 1.10000E+01 2.10000E+01 ];

DAYS = [ 0.00000E+00 3.88348E+02 7.41392E+02 ];
